%!PS
%%BoundingBox: -25 -26 189 23 
%%HiResBoundingBox: -24.1031 -25.75421 188.1031 22.0007 
%%Creator: MetaPost 1.803
%%CreationDate: 2015.01.14:2214
%%Pages: 1
%*Font: cmr10 9.96265 9.96265 41:e
%*Font: cmr9 8.96637 8.96637 30:c
%%BeginProlog
%%EndProlog
%%Page: 1 1
 0 0 0 setrgbcolor 0 0.7 dtransform truncate idtransform setlinewidth pop [] 0 setdash 0 setlinejoin
 10 setmiterlimit
newpath 10 0 moveto
10 5.52277 5.52277 10 0 10 curveto
-5.52277 10 -10 5.52277 -10 0 curveto
-10 -5.52277 -5.52277 -10 0 -10 curveto
5.52277 -10 10 -5.52277 10 0 curveto closepath stroke
-3.73601 -3.4039 moveto
(A) cmr10 9.96265 fshow
newpath 90.7 0 moveto
90.7 4.80481 86.80481 8.7 82 8.7 curveto
77.19519 8.7 73.3 4.80481 73.3 0 curveto
73.3 -4.80481 77.19519 -8.7 82 -8.7 curveto
86.80481 -8.7 90.7 -4.80481 90.7 0 curveto closepath stroke
newpath 92 0 moveto
92 5.52277 87.52277 10 82 10 curveto
76.47723 10 72 5.52277 72 0 curveto
72 -5.52277 76.47723 -10 82 -10 curveto
87.52277 -10 92 -5.52277 92 0 curveto closepath stroke
78.47154 -3.4039 moveto
(B) cmr10 9.96265 fshow
newpath 172.7 0 moveto
172.7 4.80481 168.80481 8.7 164 8.7 curveto
159.19519 8.7 155.3 4.80481 155.3 0 curveto
155.3 -4.80481 159.19519 -8.7 164 -8.7 curveto
168.80481 -8.7 172.7 -4.80481 172.7 0 curveto closepath stroke
newpath 174 0 moveto
174 5.52277 169.52277 10 164 10 curveto
158.47723 10 154 5.52277 154 0 curveto
154 -5.52277 158.47723 -10 164 -10 curveto
169.52277 -10 174 -5.52277 174 0 curveto closepath stroke
160.40239 -3.4039 moveto
(C) cmr10 9.96265 fshow
 0 setlinecap
newpath -12.5 21.6507 moveto
-5.9284 10.26836 lineto stroke
newpath -5.9284 10.26836 moveto
-6.87317 11.21309 -7.8986 12.07353 -8.99306 12.83987 curveto
-8.99306 12.83987 lineto
-7.8986 12.07353 -6.87317 11.21309 -5.9284 10.26836 curveto
-5.9284 10.26836 lineto
-6.2742 11.5589 -6.50665 12.87718 -6.6231 14.20816 curveto
-6.6231 14.20816 lineto
-6.50665 12.87718 -6.2742 11.5589 -5.9284 10.26836 curveto
 closepath stroke
newpath -7.71455 6.36325 moveto
-10.06079 7.57227 -12.84705 7.9457 -15.59738 7.20874 curveto
-21.46552 5.63638 -24.94792 -0.39534 -23.37556 -6.26347 curveto
-21.8032 -12.1316 -15.77148 -15.61401 -9.90335 -14.04166 curveto
-7.82341 -13.48433 -6.0432 -12.36678 -4.68156 -10.89484 curveto stroke
newpath -4.68156 -10.89484 moveto
-5.30429 -12.07742 -6.03958 -13.19722 -6.87724 -14.2387 curveto
-6.87724 -14.2387 lineto
-6.03958 -13.19722 -5.30429 -12.07742 -4.68156 -10.89484 curveto
-4.68156 -10.89484 lineto
-5.83049 -11.61916 -7.15506 -12.01678 -8.51295 -12.045 curveto
-8.51295 -12.045 lineto
-7.15506 -12.01678 -5.83049 -11.61916 -4.68156 -10.89484 curveto
 closepath stroke
-19.032 -22.45117 moveto
(0) cmr9 8.96637 fshow
newpath 9.99976 0 moveto
70.1446 0 lineto stroke
newpath 70.1446 0 moveto
68.85411 -0.34578 67.59628 -0.8036 66.38544 -1.36824 curveto
66.38544 -1.36824 lineto
67.59628 -0.8036 68.85411 -0.34578 70.1446 0 curveto
70.1446 0 lineto
68.85411 0.34578 67.59628 0.8036 66.38544 1.36824 curveto
66.38544 1.36824 lineto
67.59628 0.8036 68.85411 0.34578 70.1446 0 curveto
 closepath stroke
37.76834 3 moveto
(1) cmr9 8.96637 fshow
newpath 91.99976 0 moveto
152.1446 0 lineto stroke
newpath 152.1446 0 moveto
150.85411 -0.34578 149.59628 -0.8036 148.38544 -1.36824 curveto
148.38544 -1.36824 lineto
149.59628 -0.8036 150.85411 -0.34578 152.1446 0 curveto
152.1446 0 lineto
150.85411 0.34578 149.59628 0.8036 148.38544 1.36824 curveto
148.38544 1.36824 lineto
149.59628 0.8036 150.85411 0.34578 152.1446 0 curveto
 closepath stroke
119.76834 3 moveto
(0) cmr9 8.96637 fshow
newpath 74.35143 -6.44246 moveto
54.91899 -20.13759 28.95409 -20.48703 9.18828 -7.49081 curveto stroke
newpath 9.18828 -7.49081 moveto
10.45886 -7.91164 11.7761 -8.17569 13.11072 -8.2771 curveto
13.11072 -8.2771 lineto
11.7761 -8.17569 10.45886 -7.91164 9.18828 -7.49081 curveto
9.18828 -7.49081 lineto
10.07553 -8.48752 10.90977 -9.53018 11.68759 -10.61447 curveto
11.68759 -10.61447 lineto
10.90977 -9.53018 10.07553 -8.48752 9.18828 -7.49081 curveto
 closepath stroke
39.59102 -25.75421 moveto
(1) cmr9 8.96637 fshow
newpath 156.35143 -6.44246 moveto
136.91899 -20.13759 110.95409 -20.48703 91.18828 -7.49081 curveto stroke
newpath 91.18828 -7.49081 moveto
92.45886 -7.91164 93.7761 -8.17569 95.11072 -8.2771 curveto
95.11072 -8.2771 lineto
93.7761 -8.17569 92.45886 -7.91164 91.18828 -7.49081 curveto
91.18828 -7.49081 lineto
92.07553 -8.48752 92.90977 -9.53018 93.68759 -10.61447 curveto
93.68759 -10.61447 lineto
92.90977 -9.53018 92.07553 -8.48752 91.18828 -7.49081 curveto
 closepath stroke
121.59102 -25.75421 moveto
(0) cmr9 8.96637 fshow
newpath 167.50076 -9.3702 moveto
168.9282 -11.5893 171.15392 -13.30495 173.90335 -14.04166 curveto
179.77148 -15.61401 185.8032 -12.1316 187.37556 -6.26347 curveto
188.94792 -0.39534 185.46552 5.63638 179.59738 7.20874 curveto
177.51654 7.7663 175.41515 7.68826 173.4993 7.09364 curveto stroke
newpath 173.4993 7.09364 moveto
174.62978 7.80672 175.82637 8.40915 177.07248 8.89255 curveto
177.07248 8.89255 lineto
175.82637 8.40915 174.62978 7.80672 173.4993 7.09364 curveto
173.4993 7.09364 lineto
174.8565 7.14677 176.20255 6.82915 177.39282 6.17487 curveto
177.39282 6.17487 lineto
176.20255 6.82915 174.8565 7.14677 173.4993 7.09364 curveto
 closepath stroke
183.01959 6.47696 moveto
(1) cmr9 8.96637 fshow
showpage
%%EOF
